# random numbers
234637204858291225926
691155869232931204639789288246319096544672499246628791673722248247480866480640
74439534613842619134385550897744387698915399989344561105403
67607399470297473
348396605707
80527022632635521527018268075683318125411
5032528519153891693560399703134382782
2483760843651698978
170874198922237218886557645890892053063261450950568584989384
1239
8534801
20675820778941843081461841754443814955732297945088999376534348332645316941
261300427072338763463335757003108048010
9695170350482753554037854048570902340354667646622387728
70562138293
5311147445119747134
405185650756757211454
6262222681174
4569998945410110072863317621613961912420802848751070303
1955433077114377044087134090447756666535825180502
77180974016242411762337508724324268564706359458708
7493346198956200229229718223
606278759107639334776972
97
166505368168371350102154559369585676674078485109117606619992296277173657248
8493322185427135763889250896734
58784144162698904501331112921995462287777671462555583004
85396644183783218483487
571265355403
0177004750044012642041512344250147563368637928237910913558841868
5704327606740064487864061954111608294261579716432084038177
72869858882008915119568958587215
625480782709451373581581951255686333241893657747251
85242504416182955367653071132179281130986557805481611073205219098170972153
956021879766925495131416597
45740344507292051597749579387498236742347181830587842922850035
4632603720651424817660944390816840956
818644138298353795880973804676
0524308562453840913365313286041147594219540237278540550086
273354451130832493473582392771634
715733816105705792227748818916193934212920414697
3661
77514772463657646514414148406893215092787443332730985010102410037
4637681618337504701693731225267311371009183108
73273028578020448101030638113362962
5688167792208409121191394990010261198873339216110764199
28766242942
350
2922964925
69632740399660228291304167
806945963898434815523545698616456985571987737328181552706172363900217849
9510514710662402
90943311706571036113147459173178
0056553
00410965188172122401
853154926029942780917221478119207093887
0408671808412324137381134218170240550
934781414918797724083092031818345653157130939086710775
739810528826946573444148198930807579407322784669058
4197003578847803567988485407936859997794824059138434060653057734772155575
41608842472183361455538406639266668
42136902
990730560845456277585752248907421554040929022178917856371
706367891075563280
996
343900620420495270575470672880833491449162920000185659624582451408940
4291232753527357235139791619663837323
315816393464820981810915265546088939534440879980885338048
0742496074548634353152877456609544240
181340240665120215853411973423595
956785265214634804439707228101990615136304255367393598
0711898841166
3733
126556319933742014937
0389680442847096590508580220147791711
6625686812569784
595717827772007519165141478414071032
121304625995467149221514340662162684400181631295095520779536120429270732883827
4942933041475346375358305270673435585
72573790699380512012807030006639069440643236806
9942852295162648123
2609
7595905350007012496938861669592844417055188542
60417947079923347833
7523239707032633460886612436626992205188671902574967126545510700118205585681751
56524690948442506938
2908524
1389831378592357858319104756687022341232255005321439127276529898586446333
080438394710
3280673935103408291981613580093845546843
225457857879288288009337602986062566139044656565448744300888467
720742941656420382838517210520818163
77795920960761480968095521
6539788555765498638545038487564868105966250199099477707205466706
7489655273837413407494657092121012960943333205326515939993109554921878893
7857305167132869187582871753
494453861009866464814285616837804514266442260424
966404691288947282540893086321885165
7838905357546380488292582893444442475238919055
680134
1866732344513505766885782135540565150055550430267373223911243527747610774478544
4133391486981471233457431758010648427620472781829308569776246432007916
450096810120137188256827248898788120453793363634389765237279
617230145206637511986782323504034876364191
645607477978352157396005
4760538354804510745566438223400259017691832145500451
27892114900706160801585677414
83903120390286357678040106348189664396411615026870608160624742169554
2193929450
2660402698776153
7560232862568561738313058630867048749093362478463
089481833360608251790830550454048
377477336337268450209226862793860569280994230699423550605224816626032092926743
64814557625228598897327486410809960981763145891296144255840630687452333367771088
1773500557754882548454149082842656019169525480413
4602852026051445648801261634561
31051537031270033122864728399164887065576823227543106304488862755925944903830
2155654655941016554161241731382360148471847028478366
32759163624962035083965977151120989330476527209170727366
9525151514038446311300320770513246645883057914102384211843
3604993456998268315842246814100852536497773082
592284480067042006216599167853620033369086181533851607098687619946994817736743
159268879096997372482575102579496204
31239677286927120032937258272812586360080352244222422
67210989705140770664116673910340867822832680556624569755814028672416945611945996
6185708
2930665203612007658183418447533589386453722096289248400179
2567741078215103217841039
13241329839716808110428854277371443745103
107441524583698925550491036906598625950197990576901206328173336031733360391
69780282365899766061488579372178487653913313121750333785026920813184722136655444
0
3599595903150395345173
1617766394398998095637714306739984349637302225545
26781288664612402268756733878458918185378555
381782
933974651780003314
1407139838035093022965927433596537354327972290236583010
68033134203905480629586908416335682
8881512
815585955306501120129726
69519316382357509227586184261985215021163231762883267678506010304197
0159197004147120
08855515688124559535322666999109946593998973105767248873966578582085
286768054420768216510
52349741348950
4
41934592760529539183681987343498058830336914949353679945791699334539803
81649960917908757
66867424
486819333243147457015339696280688829231279581474120
6012404214047105394661992428942237
43014681129145002825595176695447081308204888463
27488922626089717828701263961564003184517104014136198247045571057342
82450072942244955052964943565108931395295945660761045824780026702
7362286755511638895022475762631255308535735
363034607622924890821209666728768376538053789683905
0290880892
9978865369819476355853483
126257817967901621927490510
552334578993981882381160237910123484011303476329137158256320711
631310514845625656235668780445854199261785790075531862654576648
3940574
624134448280169841394905826550755597546254238863197209554362179594974
59751704901288443945873066473
803215231532999175024061549922050383188520200483641013302275544074899795
99168019929571150978245668513991907425573563919983254683850
64123245772898229598280603165
3377730497501699514688768
7505272911205057013847555634187166394342930423115486849682
692840299781288116800460481345907891666993483529361339574725
2761756684394014425066244914936097083
769815450748027656228
1036018708666435
1640621981928720088004848616197417063485834301293
147533001435230599860812877063096921608563143196478404301414
99466761048776987497093065781142937094281889931897033138119409170610729340
235806255824705150992992054271399135640884998389
5208324087674002680678781342014321631742511380645857047565500418749366731932
71637965
4354767739102175571375225051
7760834658540140388293887
5928897252410676767973274911051170950180450110965048325071586161530762174522
294861661587251042159323347242722181300
595566625750781903890856372992
9256077952296710522045912005872444285906350727481150
84613675778708576029213610056173930938920662732907847074921697756357
5056566677152945428828471992109497030621778853772
092680272919969757492207745335958662520075448636700291022315918993724717726
8980899466580211512132996329161636360261008718909552875623024743807343816012801
52340802569180144618189867
39188626067294594038
90904732359
717464320163100531726864976798181599629351479363026262136605187
3472912403038672247687684360592667477297299
2355911662941385761994661243780561845986794719588331104975745267
289700012
468381
609675613817688697746561527
52246607677745914969055130276312065803011890
852832882754154781626904954005822377197477001
519585652485478346328642919338674972505
3596210893477776360524553588719706446224515637437943
99630490131891301501200046926692464165666324110
47265909946631475539715426256925148249
76803426612115250995046436638766144905498174655251
13422476835588251
93741654752416091359267505264763762712017
659967842921239773484564562476342679565430062427525865
73094811474087892
73196
197119620301070700142540834773271295750431
692705302371285718105727160310540
2502903011875145566983578318462917556613470588437623155270285685522662467
2232068230300544099984793085231739149666952150424901562988156482936030244523048
2852398
883023902
182388068560782741182925920415269147492195881
57322685309472455176818590136191429972721438
97729448346537917700987250156775018694413862341431
7184316617287319980834860397185924699197398768002447088470073382753041995
411115359659267713349414772091359941233597748808841146604881790678
36680330
09173818469673238465842420049627153469599699367945816
821518026448323788800525720492732419
95976912822853241476394797441399131
26615630368857755340772082481644955263583876993
6172355021
276531534248782
646141893692890087705211211736
3465779853031941259964855952277983104652306692344769
7631281904487759
357270579607941353597
376517543270798127459389088282852867644872961777546651170001404
42547236506000722136865622
33406511106
67766688631111279350230
5653857951559775776895037830
42363604924105059522726800968085157163675291406635305345923576020249
264897272756473230702413412549753093424706328629592
31634975830101694412633753193112458194717843361818618108380383600442154
454002099367575161427309925793357585041888280811794656296
260745902802645815691997475692969747397875751695966307770751183435054304200
243880872851253130291616907755691932145833204949
784100540066589704951318903236389687485246716014997458467054696510957
9098478298705
00401155493755641543310577377725452884
876078195108444071782798012798291835456
34979983841060
9011893664427483141369981244396114
76729308587588743128503652127308472208970050
910824206
0709484168262
230571248211067861799034002712091160861181705131683
782671829716683
41859539734997107004232508229728743511952876341539921982627801188875952808020471
